1 2 3 4 5 4
1 2 3 5 4 4
1 2 4 3 5 4
1 2 4 5 3 4
1 2 5 3 4 4
1 2 5 4 3 4
1 3 2 4 5 6
1 3 2 5 4 6
1 3 4 2 5 6
1 3 4 5 2 5
1 3 5 2 4 6
1 3 5 4 2 5
1 4 2 3 5 8
1 4 2 5 3 7
1 4 3 2 5 8
1 4 3 5 2 7
1 4 5 2 3 7
1 4 5 3 2 7
1 5 2 3 4 9
1 5 2 4 3 9
1 5 3 2 4 9
1 5 3 4 2 9
1 5 4 2 3 9
1 5 4 3 2 9
2 1 3 4 5 5
2 1 3 5 4 5
2 1 4 3 5 5
2 1 4 5 3 5
2 1 5 3 4 5
2 1 5 4 3 5
2 3 1 4 5 8
2 3 1 5 4 8
2 3 4 1 5 8
2 3 4 5 1 6
2 3 5 1 4 8
2 3 5 4 1 6
2 4 1 3 5 10
2 4 1 5 3 9
2 4 3 1 5 10
2 4 3 5 1 8
2 4 5 1 3 9
2 4 5 3 1 8
2 5 1 3 4 11
2 5 1 4 3 11
2 5 3 1 4 11
2 5 3 4 1 10
2 5 4 1 3 11
2 5 4 3 1 10
3 1 2 4 5 7
3 1 2 5 4 7
3 1 4 2 5 7
3 1 4 5 2 6
3 1 5 2 4 7
3 1 5 4 2 6
3 2 1 4 5 9
3 2 1 5 4 9
3 2 4 1 5 9
3 2 4 5 1 7
3 2 5 1 4 9
3 2 5 4 1 7
3 4 1 2 5 12
3 4 1 5 2 10
3 4 2 1 5 12
3 4 2 5 1 10
3 4 5 1 2 10
3 4 5 2 1 10
3 5 1 2 4 13
3 5 1 4 2 12
3 5 2 1 4 13
3 5 2 4 1 12
3 5 4 1 2 12
3 5 4 2 1 12
4 1 2 3 5 9
4 1 2 5 3 8
4 1 3 2 5 9
4 1 3 5 2 8
4 1 5 2 3 8
4 1 5 3 2 8
4 2 1 3 5 11
4 2 1 5 3 10
4 2 3 1 5 11
4 2 3 5 1 9
4 2 5 1 3 10
4 2 5 3 1 9
4 3 1 2 5 13
4 3 1 5 2 11
4 3 2 1 5 13
4 3 2 5 1 11
4 3 5 1 2 11
4 3 5 2 1 11
4 5 1 2 3 14
4 5 1 3 2 14
4 5 2 1 3 14
4 5 2 3 1 14
4 5 3 1 2 14
4 5 3 2 1 14
5 1 2 3 4 10
5 1 2 4 3 10
5 1 3 2 4 10
5 1 3 4 2 10
5 1 4 2 3 10
5 1 4 3 2 10
5 2 1 3 4 12
5 2 1 4 3 12
5 2 3 1 4 12
5 2 3 4 1 11
5 2 4 1 3 12
5 2 4 3 1 11
5 3 1 2 4 14
5 3 1 4 2 13
5 3 2 1 4 14
5 3 2 4 1 13
5 3 4 1 2 13
5 3 4 2 1 13
5 4 1 2 3 15
5 4 1 3 2 15
5 4 2 1 3 15
5 4 2 3 1 15
5 4 3 1 2 15
5 4 3 2 1 15

