
14 14 26
14 14 98
27 27 85
48 48 52
76 76 58
82 82 14
86 86 41
87 87 72
92 92 45
94 94 57
548

14 14 26
14 14 98
27 27 85
48 48 52
76 76 58
82 82 14
86 86 41
87 87 72
92 92 45
94 94 57
522

11 12 46
25 25 87
39 40 22
42 42 30
42 42 62
43 44 82
76 77 96
77 78 11
88 88 19
96 97 4
395

11 12 46
25 25 87
39 40 22
42 42 30
42 42 62
43 44 82
76 77 96
77 78 11
88 88 19
96 97 4
274

11 12 46
25 25 87
39 40 22
42 42 62
42 42 30
43 44 82
76 77 96
77 78 11
88 88 19
96 97 4
242

11 12 46
25 25 87
39 40 22
42 42 30
42 42 62
43 44 82
76 77 96
77 78 11
88 88 19
96 97 4
274
